32.15
60.05
14.27
12.96
60.74
7.05
11.92
28.40
37.96
43.17
69.78
7.59
39.60
37.22
14.00
31.20
57.10
17.99
53.92
24.17
6.21
46.39
8.71
14.57
18.54
18.31
11.53
38.09
46.30
8.39
58.47
21.68
10.17
15.99
83.67
19.30
12.65
76.15
11.76
16.83
14.00
8.52
9.94
19.33
10.63
13.07
20.02
24.65
80.61
9.83
31.17
14.32
35.09
20.19
34.89
10.70
16.75
44.64
15.52
15.88
10.06
21.36
58.24
57.31
16.59
44.75
32.62
31.93
45.24
16.56
10.62
22.59
4.05
50.12
8.78
54.34
9.58
18.32
13.72
14.92
10.92
22.82
35.30
16.39
21.21
67.45
34.27
17.47
9.44
5.93
33.57
22.88
34.04
7.67
47.00
41.90
57.66
18.40
14.73
11.82
15.47
15.84
23.17
8.16
21.25
17.26
9.51
10.49
53.58
7.37
11.31
52.94
18.13
22.79
11.25
17.32
16.00
23.05
17.03
15.56
17.01
50.95
69.35
12.10
23.01
10.40
9.40
8.64
21.70
15.67
18.09
7.89
14.24
19.96
11.74
9.34
22.58
26.91
11.89
10.18
15.97
15.37
32.33
54.06
6.54
38.91
13.66
12.34
8.22
6.49
43.27
36.54
75.53
5.51
13.57
8.46
23.97
49.34
7.28
32.63
12.77
19.73
7.30
38.37
45.49
45.95
10.21
37.18
24.50
12.00
22.57
35.93
51.13
9.26
42.34
12.52
13.33
42.29
15.19
12.94
18.22
7.79
16.40
49.51
11.68
43.84
44.49
8.21
14.57
11.56
15.70
12.71
7.07
7.97
