184
184
184
92
194
184
92
92
17
17
184
92
17
17
92
184
17
92
194
184
184
184
92
145
184
184
184
184
184
145
17
184
184
184
92
92
145
17
92
184
145
194
92
92
184
92
92
92
184
92
184
92
184
184
92
92
92
194
184
184
92
184
184
194
92
17
184
184
194
145
184
92
102
17
184
17
92
194
184
184
184
92
194
194
184
184
194
184
92
142
184
184
194
184
17
17
184
184
92
92
184
145
92
18
184
184
145
184
17
92
92
17
92
184
184
145
184
194
184
184
92
194
184
92
184
92
92
92
184
184
184
92
145
184
92
92
184
92
92
92
184
184
194
184
142
184
145
92
92
184
194
184
194
102
145
92
184
17
92
184
92
145
102
184
194
184
145
194
184
92
92
184
17
92
194
184
145
184
184
184
184
92
92
17
92
194
92
92
145
184
92
92
92
92
