50.26
50.26
50.25
50.23
50.34
50.30
50.24
50.24
50.34
50.27
50.25
50.25
50.30
50.25
50.26
50.26
50.27
50.26
50.33
50.28
50.25
50.32
50.35
50.32
50.26
50.32
50.31
50.32
50.30
50.33
50.33
50.31
50.32
50.34
50.23
50.29
50.33
50.34
50.25
50.23
50.23
50.30
50.29
50.30
50.25
50.23
50.34
50.33
50.30
50.27
50.28
50.22
50.22
50.33
50.22
50.25
50.33
50.33
50.32
50.32
50.30
50.33
50.37
50.37
50.33
50.34
50.23
50.31
50.28
50.29
50.31
50.24
50.32
50.31
50.23
50.27
50.31
50.33
50.24
50.23
50.37
50.37
50.35
50.34
50.33
50.32
50.30
50.32
50.26
50.35
50.29
50.33
50.26
50.28
50.25
50.27
50.33
50.23
50.23
50.24
50.31
50.23
50.33
50.31
50.25
50.25
50.24
50.25
50.35
50.25
50.25
50.31
50.30
50.24
50.34
50.27
50.32
50.24
50.31
50.23
50.33
50.27
50.33
50.26
50.26
50.30
50.24
50.30
50.25
50.30
50.24
50.23
50.30
50.29
50.24
50.33
50.35
50.30
50.24
50.28
50.31
50.26
50.27
50.34
50.32
50.34
50.32
50.32
50.26
50.31
50.27
50.27
50.30
50.28
50.26
50.26
50.28
50.28
50.35
50.33
50.34
50.23
50.29
50.33
50.29
50.31
50.25
50.31
50.33
50.27
50.24
50.34
50.33
50.32
50.29
50.27
50.26
50.30
50.29
50.33
50.32
50.32
50.35
50.33
50.30
50.34
50.25
50.34
50.34
50.26
50.30
50.30
50.39
50.39
