38.83
36.87
57.77
59.73
54.11
38.69
46.45
54.79
35.77
49.75
31.00
41.02
31.72
50.46
75.51
58.32
56.45
51.98
52.54
48.85
36.38
55.27
35.76
51.94
49.43
45.32
42.44
63.46
51.34
48.94
55.62
64.53
45.21
56.04
62.81
43.49
46.26
54.40
55.52
60.31
46.23
29.62
45.39
54.24
51.15
55.37
49.30
57.72
35.21
48.16
36.36
47.96
43.19
44.54
55.49
37.42
55.64
53.88
48.74
33.20
65.42
50.68
29.84
51.97
57.38
54.54
35.34
49.98
53.30
59.71
57.72
56.43
63.65
54.64
48.06
72.19
47.15
32.72
45.14
43.20
30.71
66.07
55.37
47.21
46.11
53.67
50.85
51.37
50.87
57.14
48.29
41.84
39.81
48.84
52.59
48.97
48.55
50.10
52.31
55.67
43.23
52.71
54.93
50.47
49.81
49.83
51.05
62.28
50.37
50.54
52.81
56.07
53.05
61.59
36.88
52.95
35.96
52.99
53.03
29.91
58.58
52.91
30.92
50.31
31.03
48.64
52.40
49.08
65.24
57.94
73.92
48.29
54.84
53.33
55.13
43.17
37.40
56.49
61.28
52.24
58.54
60.83
30.09
61.34
50.21
44.54
56.41
68.30
49.80
50.74
64.66
34.48
81.22
55.37
48.55
47.07
50.91
53.11
50.86
44.35
54.72
52.26
55.23
47.53
30.90
38.22
49.43
76.17
49.94
51.86
57.86
54.04
64.63
61.16
67.53
40.68
54.62
61.80
44.35
49.85
53.45
58.93
44.91
49.97
53.22
53.09
45.55
57.47
47.54
57.81
48.80
52.11
59.02
58.91
