92
17
184
92
17
92
184
92
17
17
17
184
17
17
145
184
17
92
194
145
184
184
92
92
17
184
92
184
17
145
17
184
184
184
92
66
92
17
92
92
92
17
92
184
92
92
184
92
17
145
184
92
92
17
145
92
92
17
184
194
102
184
184
17
145
17
184
184
184
92
184
92
145
17
92
17
184
17
184
184
184
145
17
184
184
17
17
184
92
102
184
184
17
184
17
17
184
92
145
92
17
176
184
184
92
17
145
184
17
184
92
17
92
92
66
145
37
17
184
184
92
17
17
92
184
184
145
193
17
184
184
92
145
92
92
37
184
145
92
92
92
92
184
184
184
17
92
184
92
17
17
17
17
92
92
92
184
17
92
184
184
145
92
17
17
184
92
194
184
184
92
184
17
92
17
184
145
184
184
184
92
92
184
17
92
17
92
102
145
136
92
102
92
92
