37.12
26.51
48.11
50.24
70.42
27.40
46.87
45.48
44.69
67.61
28.08
40.98
36.55
66.87
90.54
47.76
67.89
44.80
59.13
59.96
45.74
49.41
41.45
50.59
59.67
49.22
36.39
49.91
67.21
52.28
64.39
69.98
51.27
49.80
64.70
48.62
43.96
55.76
54.77
50.99
42.64
57.42
47.88
49.00
47.39
43.03
51.36
51.52
29.72
48.95
28.40
46.14
46.29
38.37
46.02
45.63
46.01
67.49
44.98
31.37
74.05
49.55
48.38
64.44
64.51
71.47
43.63
48.93
68.33
49.71
51.09
45.32
71.25
64.12
46.95
69.62
48.99
30.41
45.75
43.44
44.89
50.29
65.54
42.27
47.87
70.90
51.22
48.93
47.54
51.34
48.67
30.80
45.02
49.89
65.33
68.53
48.04
47.41
45.01
47.88
54.83
46.80
30.19
50.10
46.86
50.24
45.68
97.36
63.64
44.67
46.25
60.30
47.21
58.85
30.99
48.53
44.92
55.82
36.35
26.66
53.25
61.42
30.73
48.02
38.49
46.95
43.98
50.55
62.25
58.88
87.68
45.02
48.75
49.05
43.87
31.90
44.14
50.29
46.79
49.49
55.46
46.12
42.57
45.11
51.21
47.26
45.52
51.21
48.82
71.62
60.76
32.88
76.02
44.02
47.32
48.21
56.20
64.14
48.46
37.22
51.44
45.67
49.36
47.01
50.14
47.41
48.14
97.83
51.82
48.98
44.45
27.83
76.43
46.47
70.08
36.97
45.33
45.15
27.13
50.62
48.49
68.96
51.04
66.67
50.65
60.17
48.17
73.01
38.26
46.90
48.90
50.41
80.43
60.49
