7.05
1.53
18.39
10.79
18.25
15.40
5.30
11.33
2.53
17.31
3.14
1.50
27.60
16.58
9.99
20.64
99.87
8.06
1.60
11.71
11.35
2.61
89.22
20.24
51.79
14.28
2.60
95.33
0.40
7.99
0.76
7.00
3.59
13.62
3.72
8.39
2.84
8.89
20.18
1.85
2.81
6.95
2.24
4.93
1.03
0.98
1.49
13.24
6.36
18.17
5.60
0.63
1.35
24.14
3.12
98.99
2.17
1.75
1.52
5.13
2.23
35.74
6.09
0.81
5.36
11.85
8.77
59.68
6.59
1.52
4.95
1.48
9.60
62.30
95.37
13.33
13.64
1.38
35.66
99.99
1.93
39.10
70.83
1.86
48.74
78.96
59.24
1.97
3.87
24.30
14.73
2.75
6.42
2.19
14.32
52.05
3.84
14.75
5.21
9.27
5.26
3.17
2.58
14.11
17.46
6.22
62.53
5.11
99.70
6.70
32.02
50.19
29.79
90.10
26.34
6.50
2.70
8.39
17.76
70.39
0.77
11.42
1.85
6.72
10.22
7.17
7.44
0.92
16.26
1.88
7.46
9.81
19.11
4.16
3.51
14.21
27.34
98.40
34.55
12.69
1.07
7.51
1.08
2.01
54.38
2.51
1.43
62.02
21.33
0.84
7.64
97.74
9.63
30.84
56.02
6.46
8.92
0.53
4.93
5.97
5.34
8.67
1.81
6.39
3.02
16.87
17.61
8.25
2.88
1.78
5.68
77.64
7.83
1.13
14.37
5.23
1.46
1.97
1.89
7.81
23.87
2.81
19.24
46.07
7.80
28.34
2.77
37.13
4.76
2.10
41.31
2.37
11.84
33.79
4.83
1.79
1.68
4.24
57.68
9.49
4.66
81.85
52.35
3.40
99.00
4.93
46.18
0.54
6.22
38.46
11.85
5.39
51.31
1.23
1.35
1.41
10.60
42.14
3.66
1.75
18.91
2.43
2.07
7.19
54.76
6.01
7.38
75.06
46.26
9.22
21.98
0.62
1.03
25.53
6.62
1.28
0.77
4.90
8.34
6.71
5.48
6.12
5.90
2.26
1.43
12.36
48.92
53.03
4.39
0.56
2.74
8.74
13.35
5.50
0.90
2.33
1.91
13.15
3.22
1.24
12.41
37.75
2.11
13.27
17.83
7.16
27.37
0.96
39.26
1.68
92.42
15.07
9.82
2.77
62.71
12.42
10.80
6.65
2.60
16.35
90.01
16.81
1.28
5.98
30.46
5.43
5.99
1.32
2.14
1.85
3.64
53.51
2.31
2.39
7.45
54.33
0.89
20.14
31.06
51.05
7.66
1.90
12.00
0.65
1.04
8.49
1.37
0.68
34.83
3.26
42.04
7.39
4.18
6.63
35.81
0.76
3.69
30.43
8.18
2.52
99.58
3.65
9.69
10.36
26.18
9.07
54.17
7.93
17.31
5.84
1.87
3.37
25.70
32.46
0.56
2.11
4.12
3.99
7.66
15.94
0.94
7.48
7.25
0.99
27.36
51.68
36.45
98.04
6.53
33.21
1.14
12.41
15.27
11.04
11.04
2.96
1.06
1.39
3.94
7.44
3.67
2.90
3.27
1.39
7.51
5.41
6.99
8.63
22.93
10.51
15.76
27.39
51.69
14.06
6.80
3.47
2.36
5.61
4.65
19.32
34.16
97.66
24.19
3.40
10.66
3.22
0.83
43.45
49.86
7.42
5.08
4.08
3.54
1.32
22.94
1.31
5.09
8.81
9.62
1.18
16.35
2.69
99.35
97.87
1.57
4.62
5.97
6.88
2.59
100.00
1.67
3.68
0.69
14.07
0.85
20.57
94.96
15.89
7.16
0.94
2.82
26.38
3.17
9.88
8.37
0.67
0.89
11.28
22.20
6.64
9.61
1.49
14.16
2.53
3.59
9.55
98.17
3.98
3.29
3.80
33.77
5.29
7.36
3.82
12.07
6.72
22.07
18.66
9.53
6.45
3.15
24.16
32.10
2.18
9.23
3.70
6.39
4.09
32.50
26.89
20.11
99.90
1.39
3.00
14.22
3.17
46.15
2.99
6.31
0.70
43.10
1.39
7.93
35.14
9.75
47.87
4.46
9.85
1.37
1.38
25.90
83.50
14.79
3.79
6.88
59.39
2.72
1.55
6.36
2.00
1.97
2.88
9.81
4.85
0.85
7.30
2.33
2.28
5.32
1.77
1.72
31.32
9.44
2.93
1.43
1.15
16.74
2.23
1.39
0.93
29.86
4.28
6.11
0.96
11.56
4.17
3.80
6.69
15.38
37.40
10.89
96.69
0.86
4.19
2.17
19.52
22.12
1.88
20.18
18.68
60.77
1.88
1.81
79.36
4.91
2.29
65.50
54.30
3.26
4.21
1.25
16.13
9.04
16.95
27.29
4.71
3.26
2.60
1.60
7.37
5.91
0.91
32.63
2.01
15.55
10.34
7.37
22.20
13.62
27.88
1.21
1.84
2.61
17.19
1.75
1.85
2.00
4.51
3.63
4.03
6.87
9.77
2.82
57.26
10.51
31.62
9.43
8.18
2.04
3.20
3.21
9.84
12.76
5.78
1.82
5.05
2.72
5.89
18.61
22.27
9.61
24.71
3.96
19.60
2.70
12.98
3.53
6.11
3.53
3.37
0.46
6.90
2.06
28.25
18.99
71.14
6.45
43.78
4.48
2.82
4.42
5.21
3.24
2.58
2.25
70.44
66.10
20.00
22.59
27.27
3.37
2.26
4.92
5.07
3.27
1.07
15.99
3.20
6.19
12.16
7.87
1.05
30.29
2.59
10.19
19.41
9.58
1.06
1.34
8.85
15.65
24.41
25.63
2.20
1.47
2.92
0.65
9.04
4.09
5.43
4.52
18.68
2.29
5.85
11.77
13.89
6.33
11.90
8.50
6.05
3.94
9.86
4.03
3.14
0.73
6.85
3.17
48.49
4.05
51.02
3.15
2.96
0.91
16.42
6.45
5.76
4.98
5.92
7.16
43.40
39.64
0.62
17.81
3.18
3.62
6.06
39.51
35.93
2.67
3.85
84.71
3.16
39.37
10.31
24.38
2.35
4.07
4.40
1.83
55.39
1.57
1.21
14.78
2.72
99.35
1.20
5.84
2.24
14.06
3.54
17.93
3.35
38.81
4.27
48.48
4.66
27.14
13.06
29.53
2.13
10.74
15.57
32.75
2.59
3.23
3.86
8.22
24.37
11.79
10.98
25.15
0.59
13.72
10.84
10.73
1.78
3.76
99.88
2.99
7.22
23.57
15.05
12.60
21.10
16.33
24.33
3.21
0.91
99.99
4.15
5.12
1.16
11.99
3.90
4.06
1.47
4.64
5.87
1.04
12.24
2.20
5.24
4.13
0.82
3.89
1.89
14.97
4.51
42.78
9.19
10.32
0.92
11.29
26.02
1.08
4.09
1.02
1.47
4.81
17.85
23.52
39.35
2.62
10.51
1.15
3.17
3.92
18.30
25.15
33.33
23.20
21.24
6.58
66.15
4.07
2.30
2.17
6.28
10.00
2.73
8.74
9.57
13.86
0.91
12.07
1.09
6.06
11.28
100.00
17.26
15.54
78.62
2.47
10.50
2.84
28.64
6.83
8.00
100.00
3.09
60.44
15.40
5.56
3.18
2.72
5.76
24.22
14.79
1.78
2.74
13.54
1.58
5.50
2.00
6.78
15.48
2.16
30.30
20.51
8.75
30.01
2.46
18.33
1.36
98.29
2.48
5.20
2.68
22.93
13.92
14.11
2.42
1.96
21.74
7.27
3.55
15.49
0.73
18.34
96.92
1.71
99.88
2.47
0.80
18.12
3.20
41.00
1.37
2.02
9.96
3.28
9.24
6.29
4.77
0.57
3.82
2.96
1.59
6.67
0.65
18.52
8.41
3.45
10.07
4.86
24.54
5.91
1.28
5.11
5.23
4.50
15.11
21.79
0.69
1.54
8.25
26.10
97.81
46.07
2.06
4.57
2.11
7.38
25.50
35.39
2.41
3.22
0.89
0.51
1.04
10.66
19.96
1.24
