9.75
60.92
9.63
8.54
62.02
12.23
10.20
24.09
49.41
41.73
56.24
7.70
62.80
43.53
15.44
26.70
46.39
19.52
50.78
19.26
6.24
22.72
10.98
16.59
45.18
20.23
12.22
39.19
49.50
8.47
51.95
17.86
28.58
16.25
62.90
21.83
21.56
73.64
12.87
8.98
8.10
37.61
7.68
19.12
9.38
11.68
26.78
24.53
76.01
11.41
37.14
8.56
16.02
27.72
21.99
16.43
16.84
49.82
20.88
20.31
8.00
29.85
67.53
71.60
22.73
64.98
11.89
33.98
32.04
15.97
30.23
21.65
4.76
52.94
7.74
58.37
16.71
15.56
13.81
14.40
23.34
26.37
42.97
10.90
22.77
60.21
44.04
23.71
9.36
5.71
31.70
23.14
22.43
10.88
52.22
42.91
55.75
7.77
14.41
17.91
25.56
7.99
32.49
8.49
12.38
16.78
9.62
6.60
50.78
7.44
13.33
61.07
21.09
11.72
12.80
20.57
13.13
28.76
32.06
10.07
13.88
36.86
65.98
11.86
19.94
8.53
7.32
10.66
17.75
15.45
14.83
9.52
12.59
16.79
12.76
12.13
25.17
24.15
17.21
9.60
22.28
18.52
32.21
58.00
6.71
64.21
21.41
11.73
8.24
5.82
44.83
19.24
63.58
5.61
10.28
13.45
25.23
50.80
9.82
45.68
13.90
11.78
4.61
40.32
40.40
49.00
8.17
39.64
23.10
11.92
12.53
39.11
47.90
8.49
43.42
11.80
15.89
45.44
37.45
14.67
17.13
9.97
28.56
63.10
10.29
39.87
36.73
10.11
12.48
7.26
18.77
9.87
7.99
8.20
