2.37
7.83
1.45
1.00
20.88
8.64
0.69
0.88
15.90
0.70
6.48
0.98
8.13
0.70
0.96
0.95
14.11
1.21
3.80
1.77
1.02
3.47
3.88
0.76
1.17
10.99
2.37
0.79
1.60
0.86
3.31
0.91
6.10
1.75
0.69
4.34
2.97
52.59
0.74
0.74
1.77
0.91
0.84
3.84
1.18
2.53
27.93
1.22
18.38
0.67
5.22
1.35
20.57
6.19
0.94
0.85
0.76
57.06
3.24
29.13
1.10
10.02
1.72
8.09
1.72
5.70
1.96
11.88
0.66
0.66
4.51
0.88
3.64
0.66
0.99
39.58
4.64
0.69
8.93
10.10
2.85
1.08
1.47
0.90
4.29
0.68
8.15
1.54
0.77
1.92
6.54
13.34
0.92
0.97
0.65
0.86
6.86
0.93
0.73
1.07
21.84
0.69
2.48
0.83
0.84
4.89
0.95
0.80
0.91
0.92
0.75
13.40
0.74
0.89
16.92
0.88
4.77
2.88
2.25
3.51
0.77
2.63
6.75
0.79
14.09
1.72
1.21
1.05
3.81
3.26
1.48
0.89
0.99
1.28
0.73
0.67
26.01
0.83
0.68
2.56
1.01
0.66
7.60
13.54
1.90
21.04
0.72
1.00
0.72
6.55
11.63
9.24
41.77
0.99
0.82
0.87
2.03
48.27
0.98
2.91
0.79
0.72
1.28
32.96
2.52
47.68
0.69
1.03
12.83
1.81
0.71
3.44
6.36
0.83
7.14
1.81
0.95
6.96
0.84
1.44
1.09
1.03
8.47
2.36
0.81
2.86
1.69
4.03
3.89
0.71
1.19
1.00
1.69
0.67
