92
184
184
92
194
184
92
92
17
17
184
92
17
17
92
184
17
92
194
92
92
92
184
92
194
184
184
184
17
92
17
184
184
92
92
184
145
17
92
184
92
194
92
92
184
92
184
92
184
92
184
92
92
184
92
145
92
194
184
184
92
184
184
194
92
17
184
184
194
145
184
92
92
17
92
17
184
194
184
184
194
92
194
194
184
17
194
92
92
142
184
184
194
142
17
17
184
92
145
92
184
145
184
142
92
184
145
194
184
92
92
17
92
184
184
145
184
194
194
92
92
194
184
92
184
92
92
92
184
184
184
92
145
92
92
184
184
92
92
92
184
92
194
184
102
184
145
92
145
184
17
184
194
92
92
145
184
194
92
184
92
145
92
184
194
184
92
194
184
92
92
184
17
92
194
184
145
184
184
184
184
92
184
17
92
194
92
184
145
92
92
92
184
92
