17
17
17
17
17
17
123
183
17
203
17
126
17
203
126
183
17
17
17
17
183
17
17
183
17
17
17
183
17
126
17
126
17
17
126
17
17
17
183
126
17
183
126
17
17
17
17
17
17
203
17
17
17
17
183
126
183
17
17
17
17
17
17
17
17
17
17
17
203
203
17
183
17
203
183
17
17
126
17
17
17
17
17
126
17
203
17
17
183
17
17
17
183
126
123
183
17
126
126
17
17
126
17
126
183
17
183
183
183
183
126
17
183
126
17
126
17
17
17
17
126
17
17
183
17
17
17
17
17
17
17
126
126
17
183
126
17
183
126
17
183
126
17
17
17
17
126
183
183
17
17
17
17
126
126
126
17
17
183
17
183
126
17
17
17
17
123
17
17
17
126
17
17
183
17
17
126
17
183
17
17
126
17
17
126
17
17
17
17
123
17
183
17
126
