16.49
7.72
6.39
6.03
32.97
3.85
7.18
9.40
6.41
16.56
8.08
52.42
3.38
14.83
13.35
11.56
12.69
6.07
10.58
6.70
6.07
1.27
11.09
6.40
9.21
3.21
2.97
43.61
27.08
27.55
5.54
7.28
24.39
4.23
8.44
11.65
9.75
90.35
35.36
9.28
19.24
5.12
14.62
5.50
50.33
34.98
16.07
14.36
5.90
9.49
6.64
5.45
7.76
9.18
98.22
49.61
13.69
97.33
49.73
41.16
7.92
5.98
7.66
12.64
4.92
76.00
15.73
99.67
36.76
16.58
24.18
6.89
6.96
8.87
56.55
14.12
6.73
11.80
11.06
8.84
47.76
14.08
60.80
8.89
9.39
37.17
44.06
17.02
9.82
5.85
43.63
12.19
73.36
19.05
19.33
12.77
49.67
6.90
70.94
56.76
22.94
8.71
10.53
74.29
1.96
46.65
95.81
4.65
97.97
99.61
67.07
5.09
16.77
9.31
9.20
5.87
41.28
30.17
96.00
7.08
23.57
47.89
39.48
4.73
31.46
51.09
95.06
15.36
18.89
12.70
23.14
14.21
99.63
92.32
44.59
49.84
29.12
61.74
28.20
8.72
25.79
88.10
13.02
14.73
10.18
6.59
64.65
19.37
99.79
18.65
4.08
65.41
10.30
12.83
12.99
5.68
3.54
6.77
20.09
9.30
25.04
22.33
10.66
94.91
13.07
46.43
12.11
7.02
98.76
71.51
99.83
99.06
36.59
3.13
99.90
70.58
8.15
12.18
37.45
33.70
12.06
2.29
16.77
23.79
6.93
10.51
56.33
19.12
14.92
5.88
4.47
3.29
2.32
57.76
83.23
7.50
51.85
95.79
96.14
99.36
19.02
88.39
4.78
15.09
99.11
96.67
90.92
6.06
5.48
19.35
8.88
2.06
81.40
4.40
26.26
8.11
63.49
4.05
9.28
8.35
32.83
1.48
7.04
29.85
10.97
61.83
18.85
44.98
45.78
8.11
9.77
16.52
5.15
93.90
99.22
20.41
2.55
16.53
70.97
13.51
84.93
4.67
13.34
99.73
11.93
36.83
64.97
15.32
6.63
2.35
21.10
84.93
50.49
12.48
20.44
43.08
8.52
89.71
4.23
48.83
10.73
3.97
99.55
48.04
32.05
5.85
20.08
40.37
15.68
14.39
2.22
100.00
4.66
27.88
92.82
8.86
68.18
34.83
35.21
7.39
7.15
12.52
6.27
16.00
2.94
9.17
99.94
28.84
8.94
15.30
11.25
94.73
15.72
76.33
4.78
7.68
26.31
11.82
6.97
84.36
7.61
39.94
9.84
9.08
65.27
38.79
7.57
32.61
5.86
4.35
99.26
37.93
23.11
6.29
12.23
35.64
4.88
3.65
35.22
27.22
45.90
31.20
97.84
9.82
8.88
7.63
32.43
80.93
6.60
30.98
13.24
19.78
7.43
6.92
10.67
19.20
8.74
10.32
23.26
9.14
46.13
53.80
59.06
7.34
33.73
14.02
33.61
21.80
6.77
9.12
10.96
10.52
5.76
18.94
18.38
85.23
44.95
98.71
41.79
9.33
38.71
40.85
44.19
77.40
34.17
6.06
4.73
4.75
4.01
71.36
3.25
20.96
87.17
14.74
28.65
4.89
9.80
54.23
15.94
50.44
96.27
9.24
8.34
2.90
2.95
14.44
81.05
9.25
9.14
68.23
5.95
20.33
50.09
29.06
6.74
31.62
10.11
13.64
15.35
32.52
65.04
24.25
90.01
3.30
4.96
17.01
17.87
20.59
11.64
23.87
35.15
86.84
4.46
4.86
31.55
11.19
33.20
99.45
3.49
21.40
73.38
23.67
17.52
5.00
36.92
3.88
4.53
20.69
8.92
1.76
30.84
8.28
46.05
14.60
36.77
16.11
3.90
11.12
48.15
83.50
23.75
84.77
12.02
28.53
17.80
58.58
17.22
6.09
4.39
16.05
10.12
7.40
27.53
7.43
36.61
51.71
8.82
24.06
72.29
16.99
6.41
61.39
4.54
25.93
4.52
98.47
12.86
81.14
32.74
31.99
8.88
3.96
1.77
87.77
73.04
38.00
17.67
9.65
13.36
52.08
32.71
92.60
5.67
15.35
10.71
59.32
85.33
16.48
4.54
14.60
27.98
61.78
71.16
76.07
6.87
12.27
43.96
17.00
88.93
24.67
5.87
6.98
22.65
19.30
13.30
99.86
6.43
74.86
62.29
47.01
8.64
5.86
13.86
54.33
6.70
3.28
48.12
23.01
16.46
21.97
8.37
95.65
15.18
4.46
7.80
9.41
6.66
4.72
5.79
58.07
4.88
38.29
66.60
95.19
8.07
43.26
9.63
93.56
23.23
8.70
52.14
37.13
2.75
11.86
14.14
36.67
5.76
19.86
3.41
26.25
22.91
31.79
12.79
51.07
9.16
14.45
12.36
9.36
11.90
21.72
28.44
10.99
11.16
41.80
19.05
23.23
50.00
31.90
8.51
21.15
19.62
7.92
40.46
5.46
7.36
8.01
8.40
94.63
37.60
46.53
68.02
19.59
7.03
1.64
8.16
31.82
4.82
15.66
25.18
8.43
11.79
85.66
20.73
7.04
28.27
25.20
19.15
9.08
36.04
2.92
3.86
1.87
1.19
99.55
9.42
5.86
15.80
25.51
26.80
11.31
47.86
13.25
39.52
29.74
9.13
14.51
11.30
1.53
4.56
2.24
7.60
8.82
10.11
7.06
18.01
17.22
26.81
4.84
15.72
17.06
49.78
23.17
5.20
88.76
47.23
23.60
21.24
14.81
30.58
14.64
17.75
22.42
13.79
15.95
34.60
62.79
7.31
10.42
27.88
8.36
21.85
13.26
6.36
14.22
7.34
17.30
21.38
12.46
12.77
5.75
30.28
57.17
15.75
75.39
17.09
87.96
13.81
8.63
26.89
3.05
37.88
9.25
8.25
8.95
11.14
10.57
28.74
14.79
6.78
8.21
10.60
98.69
33.45
15.80
21.21
8.56
69.33
5.98
14.52
11.81
57.18
20.50
60.62
38.70
74.19
22.80
35.49
13.74
11.90
26.34
4.58
14.29
6.19
4.42
6.93
4.54
72.84
47.69
5.65
99.25
32.99
24.19
6.04
7.00
6.41
6.56
4.91
4.13
27.31
12.86
32.37
10.06
9.00
7.64
6.60
7.25
4.55
4.69
3.92
6.12
69.25
4.74
14.93
5.26
8.96
59.07
4.11
13.93
3.18
10.19
10.37
12.56
5.65
4.18
3.20
55.24
9.87
85.95
13.85
6.59
6.81
4.04
11.20
13.27
10.66
61.62
9.97
19.46
6.32
15.04
7.12
13.25
2.83
7.09
14.07
3.16
6.73
21.52
2.88
7.62
2.80
4.67
3.80
16.66
27.96
97.28
4.92
43.34
19.23
4.58
16.24
20.53
31.52
10.85
50.05
26.52
13.40
15.84
15.76
33.81
18.32
30.43
16.71
8.53
11.02
28.74
16.96
12.44
17.81
55.55
93.08
10.03
4.79
71.04
30.04
25.94
6.07
10.82
99.95
3.04
17.13
41.00
21.08
27.41
16.03
99.34
4.57
97.08
93.89
17.81
98.79
79.40
8.82
30.10
5.55
6.62
8.57
92.51
16.80
67.09
17.50
10.05
20.60
14.47
9.58
4.87
7.89
8.24
4.73
65.36
5.25
8.00
37.98
4.20
99.72
15.06
32.38
56.43
8.91
25.82
73.76
5.60
16.38
4.87
10.60
39.03
8.47
10.35
10.02
32.05
2.65
99.70
13.52
5.79
5.02
35.21
19.98
10.86
2.95
3.00
17.90
10.79
6.47
15.32
23.38
8.67
12.18
37.46
8.16
6.64
30.91
11.40
11.08
11.21
12.72
9.70
6.91
20.23
18.84
82.52
9.20
12.26
74.35
92.56
20.52
20.37
20.26
27.67
9.37
56.46
74.58
95.42
79.19
34.25
2.23
27.87
40.67
10.17
23.47
4.98
15.43
55.67
9.34
