8.87
14.14
14.59
10.73
29.44
29.22
46.00
18.83
14.54
13.58
16.64
26.16
7.54
48.24
56.36
13.03
26.61
11.64
18.00
11.49
22.78
22.88
46.99
11.34
10.04
11.79
6.09
55.61
50.96
10.21
13.99
23.52
63.89
18.42
47.57
33.03
21.15
76.89
39.86
50.14
26.42
6.95
20.35
18.89
51.00
31.88
49.43
8.35
45.45
33.93
56.76
60.36
46.42
7.51
83.57
24.77
23.55
96.73
15.21
49.37
17.69
23.83
14.60
45.04
78.23
78.09
61.32
27.31
11.44
20.28
7.95
92.92
26.92
42.74
46.80
17.24
25.92
36.69
28.05
8.80
34.77
7.14
56.00
34.53
58.73
20.15
43.30
53.75
13.43
13.40
21.47
89.67
94.10
39.81
45.72
27.76
56.62
14.81
91.05
83.63
8.82
52.68
22.50
78.31
33.05
27.96
10.01
19.97
75.98
97.70
19.72
15.73
33.35
5.62
15.27
11.68
54.01
68.25
75.81
45.00
49.00
39.99
95.31
76.27
82.31
78.88
30.08
12.89
37.85
16.93
44.60
92.05
90.38
86.77
21.00
26.00
26.45
56.42
37.13
53.52
24.29
28.83
25.27
62.56
25.73
45.15
44.13
11.23
92.67
33.50
82.31
15.46
80.68
45.06
19.63
46.94
22.16
58.80
57.51
24.78
50.85
27.55
19.91
85.27
22.86
39.85
36.77
43.93
77.15
76.99
93.91
69.11
62.66
22.92
97.77
21.25
70.25
23.09
74.76
33.14
16.32
8.80
16.98
31.74
73.72
11.75
37.17
36.10
93.35
68.16
14.70
13.26
62.89
65.25
47.40
11.82
80.50
22.72
96.94
86.93
56.92
74.24
22.14
22.63
63.37
59.58
78.21
79.75
24.40
12.41
33.41
78.77
29.07
54.70
8.75
74.65
75.59
26.37
86.44
25.09
64.34
8.93
24.46
25.15
22.05
82.77
7.45
13.22
20.08
15.68
48.56
36.65
25.52
28.94
88.31
75.60
65.01
66.33
42.54
16.05
86.12
22.59
18.20
71.51
51.91
47.30
52.30
55.70
42.98
72.06
19.59
92.08
55.34
16.60
83.63
38.04
23.85
93.85
17.99
64.52
19.61
42.78
73.77
18.56
95.76
35.53
27.28
37.20
32.97
32.93
32.46
99.63
65.97
5.59
94.49
13.93
34.59
28.87
85.45
9.78
41.92
54.58
12.92
13.18
58.48
91.10
94.26
51.76
12.52
46.20
37.24
13.14
14.56
22.70
74.95
60.66
87.23
20.93
24.75
28.09
21.69
12.82
27.87
97.04
14.36
21.77
16.25
20.67
16.52
16.20
89.80
73.04
37.22
40.39
20.23
96.54
38.14
9.90
13.97
98.86
27.15
65.03
15.42
7.06
6.42
30.11
65.56
43.67
20.53
28.46
24.96
24.54
8.31
20.24
65.80
32.10
16.63
25.47
13.94
22.70
80.10
47.44
81.71
32.34
19.59
33.09
48.62
34.70
46.00
8.87
45.79
5.99
8.81
66.90
29.12
37.86
37.79
86.71
94.26
55.56
11.18
20.49
22.03
92.32
91.65
17.67
32.85
30.10
9.08
75.68
7.73
13.54
76.81
28.98
12.91
22.33
23.08
56.09
33.53
32.89
86.35
13.95
21.81
17.37
81.69
21.65
42.50
8.94
19.83
39.45
20.58
29.67
62.79
50.24
29.41
97.88
9.35
39.65
61.54
84.38
26.89
33.13
24.89
52.42
9.73
71.29
20.01
75.27
11.62
8.82
15.92
44.07
20.31
33.73
42.64
21.18
18.97
68.72
19.17
19.83
26.44
37.12
42.95
27.21
72.90
16.48
22.98
45.83
99.01
52.00
15.29
55.25
61.44
59.28
27.31
37.16
14.65
20.75
72.98
38.39
47.22
45.14
7.24
32.94
40.58
86.26
17.66
72.93
28.60
42.67
13.43
12.22
71.16
16.59
19.01
18.32
31.36
37.45
34.99
34.90
7.91
36.12
28.89
65.86
10.25
89.52
15.81
78.97
61.16
25.32
59.89
19.97
31.28
19.10
51.52
89.07
80.61
29.27
36.37
33.12
13.78
51.27
9.57
64.55
14.10
81.31
55.11
19.85
30.54
16.30
41.48
42.05
79.13
80.40
54.69
28.16
27.68
83.28
98.00
44.17
17.32
33.35
40.88
21.08
19.76
82.84
12.92
58.99
77.01
99.36
40.25
26.75
4.65
39.04
39.12
8.25
33.86
51.18
72.40
55.73
23.00
69.20
43.28
28.36
37.03
11.06
51.25
72.80
29.70
22.94
17.30
36.25
25.02
18.30
56.69
91.73
20.06
88.24
20.94
28.32
21.44
50.67
15.12
42.36
17.09
94.52
26.70
8.12
27.82
27.99
16.77
45.49
19.81
46.11
39.29
70.94
29.70
12.64
45.28
56.41
23.69
18.82
14.25
72.41
10.76
11.43
26.67
53.58
11.58
31.23
20.27
24.80
56.07
24.76
9.47
18.72
44.39
96.77
57.50
54.07
23.37
18.13
77.48
34.10
67.51
34.63
30.60
41.94
11.28
21.13
90.95
20.83
37.87
11.06
50.90
52.38
17.23
87.20
45.80
27.54
23.64
13.01
11.55
94.50
18.13
34.48
28.01
53.73
53.26
50.53
49.38
46.72
18.06
19.87
32.85
60.88
13.46
85.29
15.87
17.03
24.98
27.05
69.89
22.68
21.75
72.18
16.61
6.39
30.69
11.60
86.05
47.24
23.65
79.59
33.44
67.22
9.57
53.62
11.80
48.56
25.80
65.23
18.00
56.40
10.50
29.91
42.92
71.76
30.91
11.80
47.56
32.42
47.26
18.33
65.30
68.41
76.45
15.75
8.42
38.96
39.43
47.28
16.31
16.05
66.35
94.03
5.66
73.15
22.42
22.68
49.70
16.70
97.10
26.25
30.16
29.18
65.50
32.64
26.61
10.99
24.29
97.89
20.42
9.52
18.32
10.44
60.67
17.13
23.80
24.10
23.52
69.25
92.73
77.16
60.71
14.49
46.67
22.60
31.10
8.86
34.67
54.46
35.35
19.92
12.08
99.22
75.26
44.06
20.21
30.31
27.62
54.14
23.16
28.38
15.73
69.88
26.15
18.04
18.97
68.40
23.19
6.92
37.16
8.84
23.51
15.16
24.70
8.60
63.96
25.66
41.60
67.17
7.96
30.44
30.18
91.61
17.10
13.21
41.92
11.54
21.79
98.10
91.10
21.95
34.89
12.88
32.64
83.21
9.80
22.76
11.68
52.12
8.81
28.79
25.55
96.37
29.25
88.93
73.27
42.51
78.02
13.09
59.53
43.55
65.57
49.47
21.83
40.27
38.82
31.49
10.18
22.52
21.01
33.18
42.09
29.95
93.07
31.64
64.57
9.07
67.27
23.96
70.10
15.47
92.25
69.05
8.53
15.06
7.90
9.30
25.10
13.50
58.49
29.67
26.30
22.82
35.42
35.30
10.45
59.15
67.00
19.46
25.37
45.77
89.30
56.00
36.70
20.53
12.47
25.55
14.08
34.07
77.13
71.87
17.18
78.77
72.82
41.75
50.45
49.21
85.63
97.30
61.45
23.38
55.68
28.51
7.24
71.94
34.78
56.08
51.75
50.25
43.39
6.18
66.76
18.92
46.56
7.63
29.45
98.00
44.26
35.99
53.84
27.71
83.78
36.59
87.49
89.90
26.66
13.16
45.58
16.27
61.84
49.85
9.84
85.74
14.23
69.12
16.66
11.75
29.63
21.04
11.97
72.93
28.17
88.23
16.02
9.19
35.26
78.53
9.53
36.23
20.77
25.47
41.60
22.23
14.15
32.37
10.76
43.09
11.21
18.30
26.11
19.66
26.64
31.09
13.09
29.09
15.72
87.81
25.81
87.85
24.91
22.43
17.30
21.19
5.53
57.19
16.60
22.98
41.48
86.16
66.68
27.53
30.59
21.04
23.41
45.87
43.68
22.99
15.53
47.13
7.03
