148
146
193
203
102
122
89
145
18
129
23
66
193
89
176
23
18
193
45
23
18
102
176
193
110
102
21
145
145
23
102
23
145
23
176
23
129
89
17
176
145
148
145
21
146
45
89
148
102
18
184
176
110
164
145
145
190
145
9
145
93
145
193
76
76
145
50
102
16
18
193
184
129
184
17
76
32
11
145
193
92
44
184
37
145
156
136
120
193
176
21
18
145
194
50
76
146
194
145
145
23
72
110
110
194
76
176
21
145
145
110
9
152
193
148
148
152
110
145
23
145
145
110
145
145
145
89
193
145
129
129
145
145
145
89
145
110
152
184
176
120
89
44
110
76
89
110
156
145
193
110
116
110
11
194
145
23
44
18
136
18
102
30
145
50
120
116
110
145
145
145
110
110
45
145
193
176
99
145
102
45
148
194
184
110
92
145
177
145
18
146
120
145
184
142
125
89
44
145
145
110
145
44
176
176
145
145
145
145
9
110
110
193
18
125
50
102
110
50
18
11
193
145
89
30
145
193
190
21
18
145
145
18
184
145
145
145
21
145
203
145
110
135
34
145
44
50
184
184
19
76
110
193
142
145
145
110
145
42
89
44
56
145
66
110
110
111
148
194
92
176
145
89
176
145
194
194
110
145
99
110
145
135
93
146
102
145
145
102
116
89
92
144
11
145
145
145
23
17
102
30
92
39
110
145
92
177
156
145
146
44
145
176
18
45
176
44
23
1
176
116
145
148
194
66
176
76
34
92
11
23
145
193
177
110
145
23
50
193
44
89
89
145
145
56
23
111
21
92
37
18
21
44
102
92
184
129
145
184
102
176
136
42
145
145
93
23
11
21
145
23
145
89
116
92
23
21
50
116
145
145
193
116
176
110
145
110
125
89
44
23
145
89
176
120
110
142
102
193
145
184
145
60
110
110
184
66
145
176
146
18
102
19
50
50
176
145
145
23
184
145
50
50
122
89
21
18
110
110
145
110
120
110
120
145
145
193
146
145
89
89
89
125
193
145
145
193
110
145
116
152
23
34
164
50
132
110
176
89
176
23
129
47
89
23
145
176
145
176
145
176
18
92
18
145
145
145
145
110
89
156
145
9
176
129
145
145
18
110
56
176
50
145
145
110
23
19
145
176
30
125
125
50
193
50
145
93
145
145
110
111
110
193
145
116
135
89
176
19
145
42
145
142
145
50
135
110
145
176
23
110
89
50
44
136
145
145
44
23
23
50
145
176
176
145
92
148
156
89
21
145
23
50
136
184
11
145
193
145
89
93
177
50
184
125
9
145
72
19
190
125
110
176
23
135
156
120
145
110
152
135
57
145
110
110
145
23
18
66
18
176
21
184
148
89
145
42
145
145
111
176
125
47
145
93
110
23
184
145
111
34
145
145
156
110
176
23
110
21
148
176
145
111
176
50
110
145
23
18
116
176
145
47
145
32
44
176
89
44
145
46
145
23
18
57
176
146
19
145
145
23
145
176
194
102
194
184
23
148
146
176
92
145
73
145
176
132
110
146
45
21
21
136
9
144
176
89
145
23
23
193
176
190
1
50
145
176
176
23
9
125
176
184
145
125
23
176
145
89
193
102
145
110
42
125
110
145
145
23
50
194
145
23
110
176
111
32
146
102
176
184
135
145
21
18
93
145
144
194
176
145
44
142
146
99
120
93
129
89
129
93
176
110
23
110
42
102
145
110
23
21
19
96
145
46
145
18
110
136
145
136
193
110
102
176
145
90
17
21
176
144
102
46
89
120
89
110
190
176
110
19
145
176
93
176
89
148
125
193
193
39
176
194
23
145
125
111
184
145
89
18
145
45
102
145
110
145
184
193
193
37
145
145
145
193
145
176
19
56
44
44
145
110
146
19
23
144
145
145
19
76
136
110
92
136
176
92
99
23
110
110
176
92
102
145
18
176
145
145
142
145
21
176
111
132
184
110
145
23
23
193
176
156
18
32
136
32
44
145
92
125
142
156
148
145
42
44
50
148
110
176
102
184
90
23
194
102
44
176
145
89
102
129
89
17
145
164
110
129
50
145
145
184
203
176
89
32
110
110
44
110
145
52
