0.72
0.90
0.89
0.89
1.04
0.87
0.83
1.12
0.95
0.81
1.02
0.93
0.90
0.74
1.00
0.95
1.03
1.08
0.97
0.96
0.88
0.99
0.74
0.67
0.67
1.00
1.04
0.80
1.04
0.78
0.68
1.06
1.76
7.84
1.02
1.03
0.76
0.86
6.82
0.92
0.99
0.74
0.95
0.89
0.72
0.69
0.73
0.67
0.68
0.66
3.54
0.95
0.99
0.98
0.77
0.91
0.99
0.87
0.77
16.38
0.68
1.13
0.88
0.91
0.88
2.46
6.39
0.65
1.01
3.63
15.17
1.06
1.06
2.64
35.32
0.92
0.96
1.40
0.95
1.30
1.01
0.95
0.71
2.45
0.78
4.04
45.94
12.91
0.66
0.88
12.21
1.04
0.93
1.25
1.05
1.03
0.77
1.07
0.69
1.02
2.18
1.00
3.57
0.88
14.68
0.85
56.53
0.87
0.77
3.69
0.90
0.83
0.98
1.08
0.89
0.66
0.71
0.89
0.75
1.03
0.94
0.96
0.94
0.73
0.95
0.96
0.96
0.93
9.80
0.68
0.86
0.67
0.86
1.02
0.93
2.65
0.96
0.98
0.83
11.92
0.80
0.65
0.94
0.71
0.85
0.75
5.55
0.68
0.74
0.77
1.48
0.84
0.96
3.67
0.88
1.36
0.66
0.73
0.89
0.64
0.77
0.86
9.27
0.99
1.07
0.82
1.04
0.67
0.98
1.05
0.80
0.96
1.27
1.00
0.96
1.03
0.86
0.71
0.95
0.82
0.94
9.00
34.23
58.68
0.98
0.90
1.06
0.89
0.97
0.73
0.76
0.92
11.28
7.23
0.97
0.82
0.97
0.96
0.66
1.05
0.87
0.68
0.92
5.83
0.94
0.79
2.59
0.86
4.65
0.86
0.92
0.69
0.97
0.69
0.98
0.76
0.80
0.88
1.06
0.97
0.92
1.89
0.69
0.86
0.88
10.70
0.66
0.90
0.73
0.70
0.90
0.88
0.74
0.75
0.92
0.85
1.04
0.67
0.97
0.68
0.70
0.81
1.00
1.00
6.05
0.79
0.80
1.33
0.70
0.92
1.02
0.89
0.71
41.60
0.92
0.80
0.89
0.96
0.90
0.68
0.79
20.83
0.71
1.44
1.03
1.05
0.67
0.67
10.98
4.49
0.93
1.41
1.28
2.26
1.07
0.89
1.02
0.74
3.10
0.96
0.70
0.89
2.10
1.02
0.70
1.90
6.30
0.67
0.69
2.15
0.97
1.37
0.99
0.99
0.76
0.66
0.97
0.91
1.35
1.04
0.70
0.71
2.41
0.68
0.66
4.42
8.23
2.49
4.24
0.67
0.98
0.97
0.92
0.95
0.97
0.98
0.99
0.95
3.63
0.71
34.13
0.67
0.89
0.71
1.01
0.70
0.96
2.06
0.92
0.96
0.98
0.71
0.94
0.90
0.98
1.04
0.96
0.70
0.86
1.02
0.96
0.98
0.98
0.99
0.66
0.95
1.19
0.88
0.84
0.96
0.99
0.82
0.87
0.67
0.88
4.56
0.71
0.67
0.72
0.67
0.99
0.90
1.04
0.81
0.90
0.82
0.85
1.67
6.01
0.72
0.84
0.93
7.33
14.58
1.03
0.65
0.83
0.95
0.95
1.09
0.80
2.92
0.76
0.94
0.67
0.80
0.92
1.03
0.88
0.66
0.88
0.77
1.80
0.98
1.69
2.23
1.09
0.89
0.76
0.86
5.31
1.04
0.80
0.75
0.94
16.56
0.73
0.89
0.93
10.88
1.02
13.77
0.68
0.82
0.74
0.91
1.93
0.78
0.69
9.91
0.66
0.98
0.98
0.67
1.02
26.02
0.68
2.21
0.77
1.02
0.95
1.04
0.87
0.82
0.84
0.68
0.69
0.93
1.03
0.68
0.66
1.06
0.98
0.96
0.71
1.00
0.78
0.67
0.98
0.92
0.92
0.88
0.81
3.26
0.85
0.93
0.91
1.00
0.87
5.28
1.00
78.19
0.87
1.06
0.77
0.67
0.96
0.94
0.82
0.86
1.01
0.82
0.72
0.72
0.83
2.22
0.89
0.74
5.67
0.82
4.52
0.79
0.67
0.98
0.82
1.69
0.87
0.85
1.03
0.68
0.80
0.87
0.87
0.82
0.71
0.95
1.03
0.83
0.97
0.73
0.92
0.94
0.67
1.29
0.88
0.68
0.85
0.77
0.74
0.98
0.70
0.79
1.00
0.90
0.91
0.67
0.84
0.92
0.74
0.82
0.96
0.98
0.68
1.00
1.00
0.97
0.69
1.21
1.08
0.70
0.89
0.85
0.90
0.88
7.15
0.95
0.82
1.34
0.82
0.77
17.29
0.94
1.03
0.96
1.04
1.10
1.05
0.92
9.65
0.88
1.01
0.81
0.84
0.81
11.99
0.76
0.99
0.69
1.43
0.92
0.75
0.90
0.83
0.68
0.97
0.92
1.08
1.02
0.81
0.94
0.82
0.99
0.74
0.69
1.06
0.67
0.73
0.79
0.84
0.68
0.88
1.09
1.45
0.95
0.69
0.72
1.02
0.86
0.69
1.04
0.96
0.97
1.07
1.02
0.96
1.05
0.84
0.71
1.07
0.89
1.52
0.80
0.85
0.71
0.81
0.65
0.85
0.70
1.03
0.82
0.86
0.79
4.67
0.75
0.97
1.01
0.87
0.94
0.75
0.92
0.67
0.74
0.87
0.97
0.98
4.11
0.78
0.68
0.99
0.89
0.96
0.98
4.48
0.74
3.73
2.08
0.95
0.92
0.73
0.75
0.66
1.06
0.65
0.88
1.06
0.79
0.84
0.94
1.01
0.95
0.94
0.92
1.06
0.99
1.04
0.82
1.70
0.94
0.87
0.99
0.66
0.91
0.71
1.07
0.70
1.01
0.81
0.86
0.94
0.76
0.88
0.85
0.85
1.07
0.81
1.04
1.03
0.75
0.67
0.95
0.70
3.63
0.70
0.66
0.77
0.80
1.03
1.02
41.01
0.94
0.67
0.93
7.38
0.68
0.67
0.76
1.63
0.68
1.03
0.68
0.69
0.71
0.67
0.83
0.67
1.40
0.72
1.09
0.80
2.39
1.30
0.96
0.71
0.66
0.80
0.68
1.00
0.73
0.94
0.77
0.71
1.03
0.98
0.89
0.98
0.84
0.70
0.69
0.95
0.88
0.78
1.49
0.68
1.01
5.13
1.08
0.99
0.94
0.93
2.81
0.95
0.68
0.93
0.96
0.70
0.66
0.73
1.04
18.74
0.94
0.94
0.90
1.21
7.29
0.70
0.97
0.84
0.75
0.93
0.85
0.84
0.94
0.89
0.90
0.76
0.68
1.39
17.58
1.07
0.66
1.29
0.87
0.77
0.72
0.83
0.88
0.91
0.95
0.94
0.83
0.89
0.77
0.69
0.92
0.86
0.81
0.69
0.90
0.79
0.69
0.66
1.00
4.93
1.03
0.77
0.66
0.88
0.67
0.89
1.07
1.09
0.70
1.03
1.04
0.78
0.84
0.71
4.28
0.92
0.96
0.81
9.34
0.67
6.46
0.79
0.84
3.66
0.66
12.12
1.07
1.05
0.82
0.67
1.03
2.25
0.99
0.95
0.98
0.94
36.31
1.06
0.71
1.99
0.92
0.97
0.97
0.78
0.68
0.87
2.21
0.95
0.70
0.72
0.99
0.72
1.04
0.75
0.85
0.66
0.69
0.66
0.91
0.76
4.34
0.83
1.70
0.90
0.71
0.98
5.19
0.69
0.88
0.95
0.96
0.89
8.79
0.84
0.88
0.98
0.94
1.04
0.71
1.73
0.71
0.93
0.90
0.85
1.05
0.66
0.98
0.84
0.67
0.70
0.99
0.90
2.30
1.02
0.88
0.91
0.96
0.73
0.94
0.84
1.61
9.88
0.68
1.05
0.98
0.99
1.01
0.82
0.93
3.72
1.97
0.65
0.94
1.92
0.82
0.96
0.71
0.95
0.73
1.77