395
122
196
209
398
85
122
6
348
38
56
459
349
180
56
478
59
196
6
196
395
161
161
85
161
145
501
147
122
311
576
85
461
105
56
161
446
279
209
56
501
395
395
270
6
122
406
56
395
395
563
360
501
461
501
321
563
240
284
262
501
395
469
350
56
70
56
40
122
56
262
363
85
209
209
56
56
366
395
395
563
461
98
403
360
170
566
56
262
56
585
294
419
262
56
298
442
262
395
464
105
452
75
576
6
16
436
464
29
6
446
428
139
139
311
478
65
16
147
85
85
65
262
122
253
246
419
501
161
294
56
6
403
70
494
6
395
275
209
56
122
16
576
330
38
122
501
360
246
318
501
566
386
16
209
262
546
56
459
56
146
85
284
563
557
270
16
311
500
122
500
311
70
478
70
546
311
262
500
395
196
209
209
209
262
363
122
161
458
85
161
65
16
563
122
101
576
311
494
520
85
459
161
311
161
395
360
360
6
161
275
514
16
576
545
40
262
85
294
56
442
161
6
576
298
464
145
330
478
146
6
122
279
360
78
122
494
196
209
464
557
576
56
45
65
275
6
395
442
501
514
6
147
563
501
122
16
563
398
122
145
6
434
262
105
311
279
85
209
501
180
6
56
29
321
395
395
38
262
85
85
70
348
360
395
478
6
501
458
228
6
321
501
398
56
311
192
85
209
36
38
56
262
6
29
395
246
122
360
161
133
386
56
501
161
103
395
56
262
545
180
6
262
501
395
294
541
406
85
458
56
122
395
395
122
122
85
85
26
145
501
122
70
541
172
375
16
395
262
395
122
161
85
363
563
262
85
459
395
442
161
65
196
75
458
56
478
563
6
459
311
311
434
294
217
275
65
246
56
70
70
106
172
478
70
395
330
398
398
262
85
122
122
351
196
139
464
161
395
228
209
262
349
85
16
442
6
85
65
145
206
268
278
56
563
161
318
272
161
246
6
161
464
311
40
85
85
85
363
6
395
469
311
56
563
6
240
461
262
365
360
6
128
85
85
458
311
85
161
262
56
145
6
576
26
16
503
56
563
279
161
145
520
29
196
246
36
386
85
330
145
122
395
311
122
461
262
70
122
40
6
70
145
38
196
494
217
501
514
128
196
217
360
38
228
145
494
563
494
85
360
56
56
262
217
6
375
122
294
395
161
196
519
246
196
294
459
246
360
360
478
360
501
56
56
172
395
187
56
36
85
76
122
563
56
56
268
147
262
263
386
6
196
145
161
500
246
75
122
16
395
268
318
318
209
262
458
360
395
16
139
262
56
262
6
501
6
70
209
122
56
311
16
172
478
2
289
38
56
395
56
279
318
395
360
196
478
516
499
358
249
254
262
56
38
2
494
275
75
464
122
500
122
360
249
85
145
395
122
146
122
366
284
6
478
16
85
56
161
161
122
311
284
301
395
228
395
501
311
294
365
122
395
122
350
209
469
122
478
6
161
172
478
56
459
217
122
38
458
262
563
2
26
209
262
262
262
105
161
196
145
395
262
133
228
480
501
196
122
85
249
294
275
360
270
56
196
395
172
85
395
6
6
262
395
311
395
145
294
576
45
70
395
70
350
56
209
459
395
85
501
122
85
501
196
65
70
122
478
122
209
480
196
56
196
262
56
105
311
253
262
478
501
56
311
294
395
478
70
56
398
268
209
395
395
458
26
196
284
311
196
16
172
85
85
105
395
6
145
545
56
228
145
563
56
501
395
56
56
16
501
26
464
246
85
246
311
461
395
541
139
501
85
279
294
330
29
563
6
145
311
395
122
56
478
360
330
56
395
161
464
56
262
161
395
360
56
464
6
294
101
161
172
29
56
122
16
262
47
395
146
279
395
458
501
16
217
262
186
501
133
70
161
395
503
26
395
321
38
133
26
563
262
122
29
85
122
395
85
36
478
56
209
85
360
6
26
360
360
395
6
56
268
262
85
262
161
6
56
145
85
349
563
122
56
398
85
122
228
6
196
442
85
360
122
501
395
70
442
501
56
478
262
56
56
360
105
501
161
330
458
298
294
311
6
262
56
85
56
16
75
217
262
395
85
122
122
249
122
262
478
395
501