145
145
145
145
89
102
145
184
102
145
116
37
102
176
145
145
18
18
135
120
145
105
176
145
145
21
110
193
145
193
18
176
145
52
145
145
135
89
184
145
145
145
145
145
92
52
95
92
176
184
92
145
58
92
145
145
145
145
145
184
92
102
145
87
87
145
50
144
16
184
92
27
21
184
194
145
120
194
92
44
184
145
184
92
145
120
95
58
92
23
64
23
145
194
87
120
92
92
145
145
145
95
92
110
194
95
64
176
145
145
115
92
21
92
145
18
92
64
145
116
145
145
92
92
145
145
145
99
184
176
135
145
145
145
64
145
102
152
194
87
120
92
11
18
145
58
92
92
145
148
92
64
145
184
136
11
152
23
111
52
142
64
116
145
57
129
116
184
145
145
145
110
148
87
145
115
102
18
145
102
145
145
194
194
18
145
92
145
145
102
92
102
152
11
44
145
176
110
145
145
145
145
27
115
176
145
145
102
116
145
184
18
61
102
176
145
184
23
89
176
18
115
92
32
145
92
145
50
135
18
145
145
64
37
145
89
92
116
145
193
92
27
32
34
50
102
50
144
92
145
145
110
37
102
145
145
116
145
116
50
52
125
145
92
176
23
30
50
145
64
116
145
92
137
145
18
115
135
145
145
21
145
92
87
110
102
145
145
184
125
89
34
135
18
145
145
145
152
194
115
145
102
184
102
145
145
194
89
194
23
44
92
145
176
52
176
92
110
184
145
58
145
37
92
92
145
50
57
92
102
135
145
92
176
145
145
145
137
145
102
89
89
145
139
52
116
58
145
18
184
135
92
18
176
92
92
92
145
184
102
145
92
129
145
145
176
87
11
23
145
110
145
8
58
57
92
145
145
145
145
145
184
176
8
42
145
30
145
50
44
145
145
89
145
87
176
92
184
57
176
194
145
60
110
11
184
184
176
145
80
92
92
145
105
50
176
145
145
145
184
57
145
176
135
30
58
92
92
110
23
145
116
193
125
50
145
18
145
92
50
50
145
125
102
145
145
145
145
145
145
145
145
57
27
176
159
52
176
145
145
145
115
23
89
145
145
145
145
145
145
145
52
105
158
57
145
145
176
87
145
22
145
58
145
145
145
145
184
23
158
145
50
145
145
30
116
120
145
176
145
145
23
89
11
145
145
23
145
145
110
102
145
145
145
176
110
145
176
92
145
116
145
18
176
116
145
23
30
176
135
21
145
176
18
125
145
145
44
145
21
145
145
18
176
145
145
23
145
18
89
145
145
145
102
184
193
145
145
145
50
135
145
145
184
135
18
145
89
145
145
120
145
145
23
23
145
23
145
193
184
135
145
92
107
92
145
145
145
92
145
120
135
144
176
89
145
158
145
145
23
125
115
52
145
125
23
176
184
92
27
89
92
92
145
102
145
23
115
145
93
145
92
184
116
145
58
145
92
145
145
145
145
102
145
32
92
145
145
95
145
23
50
145
21
145
176
11
92
145
145
23
92
23
184
102
194
142
145
52
176
89
92
92
135
145
176
145
92
145
23
135
52
102
42
120
176
89
145
23
92
92
176
92
194
145
92
145
176
116
135
107
145
184
145
125
184
176
145
116
145
92
145
176
110
23
92
145
176
176
145
194
176
176
135
23
145
176
102
111
145
184
145
145
23
92
145
110
176
176
145
145
18
92
102
184
120
23
125
120
135
125
120
102
23
23
158
92
145
115
23
23
176
92
92
135
145
21
58
92
145
92
145
23
58
116
102
135
17
52
145
107
145
27
145
87
30
102
145
176
52
145
145
176
120
176
145
145
145
92
184
184
145
184
23
92
145
50
92
145
89
18
92
60
99
89
135
145
92
122
102
194
145
18
92
193
145
107
92
16
102
44
145
135
184
23
135
184
145
145
18
87
102
194
92
92
23
144
92
23
192
176
176
184
23
145
145
50
145
92
92
145
23
190
27
145
194
145
120
92
11
99
60
145
116
135
184
50
145
23
42
145
92
92
52
145
92
145
145
184
107
145
145
92
135
145
184
18
145
145
145
145
116
145
34
144
92
145
145
145
145
145
145
92
145
87
145
89
92
92
18
116
145
27
