145
176
23
23
177
144
145
145
146
145
23
37
110
171
145
145
18
18
23
176
193
107
176
18
23
52
92
145
145
145
176
176
145
125
145
145
23
21
17
176
92
23
92
23
92
42
145
92
23
158
102
23
42
92
145
145
145
145
176
17
145
102
148
32
171
145
87
144
45
18
145
102
125
92
17
145
135
142
92
18
194
145
37
145
145
171
95
87
193
176
64
148
145
184
89
116
184
92
145
145
145
89
145
110
92
87
64
145
145
145
115
102
145
18
145
136
148
115
145
148
176
145
18
145
145
145
145
184
184
184
176
145
145
145
89
145
110
152
184
120
125
193
135
136
145
135
176
145
145
148
159
58
176
184
102
11
45
23
136
23
92
57
23
145
32
118
135
92
145
145
145
110
110
26
145
115
92
142
145
158
176
135
17
184
145
145
145
145
176
18
102
102
111
184
44
176
50
110
145
145
145
145
102
137
176
145
145
11
184
145
103
159
61
11
145
145
102
23
176
23
122
87
145
32
23
92
145
50
90
102
145
92
34
37
145
176
11
116
145
18
145
135
93
34
176
192
57
102
92
148
176
110
37
34
145
176
129
145
135
50
42
32
145
92
148
23
145
176
145
114
23
145
145
11
176
18
171
135
145
145
23
145
102
87
142
136
145
145
92
176
120
34
135
102
145
145
176
115
184
115
145
193
17
18
145
145
145
89
184
145
44
145
145
118
23
125
145
23
184
145
58
145
37
92
146
145
57
57
145
18
45
145
145
145
176
145
145
92
145
110
89
50
145
145
135
176
177
176
92
102
93
193
145
44
145
52
122
145
184
193
145
176
45
145
145
145
23
34
145
145
110
145
8
32
176
92
148
145
176
145
145
184
23
57
92
145
57
176
145
44
92
145
89
176
135
110
92
11
11
57
194
145
60
23
159
184
184
145
145
64
145
92
110
158
176
176
145
145
23
184
57
145
120
23
145
23
110
184
110
177
145
177
110
32
8
145
110
45
145
50
176
145
57
142
145
145
145
176
110
176
145
145
57
23
176
159
135
176
145
57
145
80
23
145
23
145
145
145
176
145
176
23
11
158
89
145
145
176
32
176
22
145
135
92
145
145
145
18
145
23
145
89
145
145
45
23
89
145
176
145
23
125
50
111
176
145
116
145
145
110
184
23
145
145
23
110
145
145
92
145
105
145
18
125
125
145
110
145
176
135
125
145
176
18
116
145
18
44
44
23
176
145
193
176
145
145
44
176
11
145
145
176
145
18
184
142
145
145
145
145
135
92
145
92
135
148
145
176
120
176
21
23
145
23
23
145
129
145
45
193
135
176
11
52
21
145
23
120
92
92
75
135
11
23
50
145
23
145
145
145
87
122
52
145
176
23
120
184
145
30
145
92
145
176
145
145
23
177
23
135
176
92
27
23
145
171
176
18
145
92
176
145
102
145
32
19
176
145
11
176
23
176
145
18
145
8
158
92
145
176
23
92
23
184
102
184
194
145
52
102
145
145
92
32
145
176
145
193
176
158
135
45
92
23
110
125
89
145
23
18
148
176
145
37
145
92
145
176
44
105
171
145
184
145
176
11
176
176
125
145
146
145
176
110
135
102
145
176
176
145
184
176
23
18
176
145
176
184
122
145
184
23
92
93
145
87
145
18
23
145
145
102
92
23
17
125
23
125
145
23
177
176
23
23
23
9
92
145
107
125
23
26
92
184
23
145
176
135
92
145
11
145
23
23
11
92
90
184
11
145
152
23
11
145
125
30
159
92
148
135
176
145
176
125
176
50
92
176
145
184
11
120
11
23
92
145
145
184
145
145
18
92
135
103
145
9
23
102
122
135
37
22
22
184
145
145
27
92
16
18
44
145
171
92
23
23
92
145
145
44
32
136
17
92
102
176
11
92
23
159
145
145
37
148
145
145
176
92
145
92
145
116
50
194
145
37
145
176
145
95
23
60
145
92
125
184
8
23
52
144
145
184
92
122
176
145
145
176
27
171
145
145
92
32
176
184
110
145
145
145
145
176
145
34
11
92
145
145
176
57
145
145
37
145
190
145
125
194
145
18
125
145
158