7.83
5.49
13.19
4.79
8.40
7.83
7.26
20.19
17.41
7.67
28.73
88.43
11.88
62.11
12.31
9.36
99.07
8.99
62.05
16.60
4.18
4.27
20.65
5.67
9.77
3.20
4.18
94.34
18.92
27.12
6.81
7.99
8.21
10.98
5.57
20.19
33.74
56.26
18.52
9.42
19.47
7.69
14.61
4.02
76.26
99.40
15.96
13.25
11.12
67.13
5.21
5.78
12.18
6.61
99.73
60.05
15.76
88.01
69.72
17.68
9.44
8.13
4.92
23.12
19.51
91.37
16.36
99.93
53.10
4.61
5.73
11.26
6.30
6.96
69.00
7.54
10.39
83.87
17.83
10.08
80.45
13.23
52.73
20.47
10.76
14.55
33.57
29.67
6.28
6.83
72.79
66.11
91.03
19.67
13.01
30.37
21.50
4.86
30.77
61.96
10.59
6.41
3.43
99.66
75.07
28.34
52.43
4.11
99.55
100.00
96.82
6.66
21.53
4.41
6.63
4.98
47.06
4.98
99.89
64.41
41.85
54.65
35.57
9.24
34.13
65.86
88.30
7.86
20.56
24.61
23.55
34.89
99.92
96.85
5.48
66.22
91.42
94.23
61.29
86.73
37.26
10.12
6.38
7.99
11.76
3.68
33.37
5.87
99.95
74.45
46.91
99.95
7.04
15.64
42.97
26.27
43.25
27.87
21.22
7.52
10.28
10.24
28.84
74.25
15.16
20.08
19.75
14.10
98.29
46.95
99.99
82.28
99.81
5.83
99.79
93.49
63.36
22.23
31.31
75.90
12.33
3.11
21.30
35.67
34.94
9.88
55.98
27.28
36.08
29.39
6.65
5.89
4.73
20.03
100.00
5.42
49.06
99.97
98.70
99.34
22.33
90.33
12.30
7.74
99.69
89.91
85.50
19.10
74.07
20.67
18.11
63.66
88.07
4.27
18.84
32.02
99.09
4.88
39.69
11.38
22.84
4.72
4.57
17.72
12.83
55.97
30.82
98.17
17.92
6.69
6.76
16.18
6.07
78.18
99.72
47.66
4.20
30.60
97.20
16.47
33.21
13.09
14.36
100.00
11.89
81.16
30.15
22.72
6.57
8.36
16.87
85.42
57.85
4.97
31.95
61.71
11.84
94.18
21.89
50.34
13.80
10.72
99.32
24.15
53.70
18.68
32.95
99.71
10.01
2.56
21.04
100.00
14.27
14.27
79.72
8.85
12.76
44.00
97.98
7.76
7.03
21.93
4.80
10.37
17.60
65.52
99.92
13.98
10.12
57.24
40.77
99.95
12.95
6.44
7.85
9.45
23.70
6.55
49.38
99.90
14.84
41.27
16.82
26.21
71.12
23.22
7.25
25.89
10.47
4.19
100.00
49.68
11.41
7.40
52.06
15.69
9.86
8.55
21.62
33.50
97.38
20.71
99.46
5.88
3.60
7.27
14.44
99.26
6.20
49.33
16.17
14.02
6.88
10.83
10.08
11.56
8.26
85.20
21.99
85.82
61.98
96.12
51.80
76.74
33.22
79.95
69.11
39.36
5.04
9.32
16.14
4.75
5.67
81.69
14.66
4.40
6.20
97.01
96.84
9.97
19.37
22.55
47.12
95.62
26.25
20.06
35.01
13.13
5.40
47.44
8.01
12.60
99.44
49.01
59.76
4.65
17.79
62.49
6.21
66.83
95.79
10.95
5.42
6.90
7.17
19.18
41.50
12.16
22.15
98.66
8.95
21.61
29.08
73.80
18.71
94.97
65.15
43.28
72.72
31.89
43.65
16.36
99.99
6.93
9.19
38.64
16.73
37.58
15.67
29.10
42.40
47.33
7.76
7.82
28.42
11.83
62.95
99.77
6.40
11.57
90.83
32.77
18.34
21.70
27.77
14.87
6.89
18.46
85.68
16.91
16.84
50.64
79.44
15.43
40.45
51.99
11.02
36.94
33.97
84.26
68.34
86.38
29.48
61.48
22.43
49.51
9.44
5.77
4.83
83.14
9.64
9.13
92.33
12.24
99.27
81.02
26.72
93.91
73.84
27.29
7.79
53.67
3.88
52.51
5.18
98.91
13.35
96.26
80.76
49.92
7.52
7.75
20.60
82.75
79.76
36.02
48.31
7.87
20.92
57.49
75.00
75.56
7.95
17.31
14.08
75.33
94.61
42.59
5.48
14.16
10.25
54.13
91.65
82.79
6.99
27.83
33.37
10.22
99.96
56.12
9.03
13.92
20.26
10.97
17.36
99.90
6.74
89.96
75.46
99.75
15.63
7.02
17.36
41.58
11.09
7.15
26.59
27.06
2.20
21.95
9.69
96.75
38.02
8.44
9.69
12.86
6.28
3.98
9.79
78.18
13.94
32.54
54.84
99.32
8.93
83.57
8.45
100.00
12.12
39.24
70.67
83.35
19.41
8.46
29.42
46.47
17.11
18.23
14.88
30.14
22.66
53.97
19.59
48.15
22.18
5.43
9.94
11.28
17.42
26.56
65.69
6.21
9.37
54.52
57.52
99.52
47.99
89.49
39.24
37.93
15.30
9.93
48.53
4.66
10.85
6.07
94.98
99.54
18.56
58.59
88.99
7.79
7.08
9.19
57.23
20.01
5.33
8.51
13.58
8.55
10.30
97.02
40.44
10.57
22.07
23.28
16.38
10.33
95.72
2.68
15.73
4.99
1.52
99.97
24.44
5.13
12.89
29.16
53.26
54.88
43.94
12.69
51.43
16.59
82.03
23.86
26.36
3.90
8.40
5.68
3.39
9.54
11.53
8.20
10.38
17.29
14.94
5.76
20.82
35.37
99.91
14.10
5.05
96.33
60.93
12.69
5.74
10.50
51.01
12.27
50.93
84.46
7.39
25.27
20.95
15.96
14.56
76.60
29.55
3.94
95.43
10.13
7.33
21.44
27.86
30.08
18.56
11.85
13.10
7.39
41.80
34.53
12.41
40.95
28.05
99.96
7.15
4.39
38.04
4.40
71.93
13.25
28.89
10.80
63.76
14.98
26.63
14.21
18.86
6.96
6.55
99.99
34.11
61.70
19.35
4.96
86.25
10.70
46.11
33.75
25.98
21.21
81.19
40.15
72.41
17.31
97.86
6.79
14.75
24.88
3.16
8.63
10.99
19.04
9.31
3.76
82.68
88.85
11.22
99.90
48.00
46.96
7.45
61.01
6.06
3.66
5.61
10.42
9.99
20.27
21.45
5.91
12.75
5.49
5.76
8.96
4.47
7.09
10.25
7.22
70.70
18.39
18.10
32.82
17.10
46.29
19.30
12.24
58.78
18.38
31.33
53.54
10.15
5.54
6.58
97.80
7.11
71.86
55.65
12.45
11.20
39.40
10.68
5.63
49.71
57.13
12.74
16.65
42.59
16.19
13.38
12.95
5.18
20.96
38.61
3.24
27.67
7.47
60.62
6.08
13.19
4.65
22.15
45.18
36.13
96.08
11.73
70.12
18.36
5.07
6.12
25.25
99.72
19.54
55.19
20.47
7.36
9.55
23.59
16.05
41.30
9.78
14.51
7.98
6.64
34.27
29.10
25.62
18.94
29.81
83.17
9.85
11.82
51.91
86.20
20.13
5.38
51.29
99.95
7.08
58.49
26.59
33.40
19.38
36.83
89.93
3.15
84.20
99.87
34.77
99.99
95.38
8.64
61.27
5.56
74.12
5.95
80.85
10.13
72.91
15.47
8.18
10.86
15.25
5.68
5.57
19.18
4.73
6.73
25.13
6.96
12.20
64.04
76.37
99.80
12.66
58.87
41.34
8.01
30.06
90.83
10.38
31.43
15.70
17.56
20.98
5.93
53.14
9.68
29.35
7.26
99.95
9.97
33.36
20.05
5.42
23.31
7.74
5.70
7.47
15.26
7.30
4.58
76.15
51.92
4.30
5.65
27.79
4.51
6.47
33.23
26.28
11.76
22.19
5.83
10.78
8.70
7.58
12.64
94.48
7.98
10.31
53.17
99.82
17.04
12.32
19.43
23.82
11.56
22.87
63.36
91.86
30.71
6.78
10.90
19.13
31.98
9.37
48.96
24.30
14.52
49.67
19.50